# Created by Octave 5.1.0, Thu Sep 26 10:33:27 2019 GMT <unknown@DESKTOP-VN4J76C>
# name: a
# type: matrix
# rows: 1
# columns: 10
 5.2011788610069996 7.2246600719501366 8.7909762174024557 10.116452784484707 11.286742440597088 15.891545734357241 22.420844002295588 27.436922266347946 31.667795400712567 35.396321101036108


# name: ans
# type: scalar
1


# name: b
# type: matrix
# rows: 1
# columns: 10
 3.1297481060028076 12.431833028793335 27.733428001403809 49.278260231018066 76.658301115036011 306.26805090904236 1225.1340329647064 2819.4775838851929 5043.4341080188751 7986.7542791366577


# name: x
# type: matrix
# rows: 2
# columns: 1
 1.2794210135780304e-12
 5.1042503557141572e-13


# name: y
# type: matrix
# rows: 1
# columns: 5
 1 2 3 4 5


